{
 "cells": [
  {
   "cell_type": "markdown",
   "metadata": {},
   "source": [
    "# Setup"
   ]
  },
  {
   "cell_type": "code",
   "execution_count": 1,
   "metadata": {},
   "outputs": [],
   "source": [
    "import numpy as np\n",
    "import jax.numpy as jnp\n",
    "from jax import grad\n",
    "import jax\n",
    "import matplotlib.pyplot as plt\n",
    "import networkx as nx\n",
    "from sklearn import datasets\n",
    "import optax  "
   ]
  },
  {
   "cell_type": "markdown",
   "metadata": {},
   "source": [
    "# Load the Iris dataset "
   ]
  },
  {
   "cell_type": "code",
   "execution_count": 2,
   "metadata": {},
   "outputs": [
    {
     "data": {
      "text/plain": [
       "array([[1.799e+01, 1.038e+01, 1.228e+02, 1.001e+03, 1.184e-01, 2.776e-01,\n",
       "        3.001e-01, 1.471e-01, 2.419e-01, 7.871e-02, 1.095e+00, 9.053e-01,\n",
       "        8.589e+00, 1.534e+02, 6.399e-03, 4.904e-02, 5.373e-02, 1.587e-02,\n",
       "        3.003e-02, 6.193e-03, 2.538e+01, 1.733e+01, 1.846e+02, 2.019e+03,\n",
       "        1.622e-01, 6.656e-01, 7.119e-01, 2.654e-01, 4.601e-01, 1.189e-01],\n",
       "       [2.057e+01, 1.777e+01, 1.329e+02, 1.326e+03, 8.474e-02, 7.864e-02,\n",
       "        8.690e-02, 7.017e-02, 1.812e-01, 5.667e-02, 5.435e-01, 7.339e-01,\n",
       "        3.398e+00, 7.408e+01, 5.225e-03, 1.308e-02, 1.860e-02, 1.340e-02,\n",
       "        1.389e-02, 3.532e-03, 2.499e+01, 2.341e+01, 1.588e+02, 1.956e+03,\n",
       "        1.238e-01, 1.866e-01, 2.416e-01, 1.860e-01, 2.750e-01, 8.902e-02],\n",
       "       [1.969e+01, 2.125e+01, 1.300e+02, 1.203e+03, 1.096e-01, 1.599e-01,\n",
       "        1.974e-01, 1.279e-01, 2.069e-01, 5.999e-02, 7.456e-01, 7.869e-01,\n",
       "        4.585e+00, 9.403e+01, 6.150e-03, 4.006e-02, 3.832e-02, 2.058e-02,\n",
       "        2.250e-02, 4.571e-03, 2.357e+01, 2.553e+01, 1.525e+02, 1.709e+03,\n",
       "        1.444e-01, 4.245e-01, 4.504e-01, 2.430e-01, 3.613e-01, 8.758e-02],\n",
       "       [1.142e+01, 2.038e+01, 7.758e+01, 3.861e+02, 1.425e-01, 2.839e-01,\n",
       "        2.414e-01, 1.052e-01, 2.597e-01, 9.744e-02, 4.956e-01, 1.156e+00,\n",
       "        3.445e+00, 2.723e+01, 9.110e-03, 7.458e-02, 5.661e-02, 1.867e-02,\n",
       "        5.963e-02, 9.208e-03, 1.491e+01, 2.650e+01, 9.887e+01, 5.677e+02,\n",
       "        2.098e-01, 8.663e-01, 6.869e-01, 2.575e-01, 6.638e-01, 1.730e-01],\n",
       "       [2.029e+01, 1.434e+01, 1.351e+02, 1.297e+03, 1.003e-01, 1.328e-01,\n",
       "        1.980e-01, 1.043e-01, 1.809e-01, 5.883e-02, 7.572e-01, 7.813e-01,\n",
       "        5.438e+00, 9.444e+01, 1.149e-02, 2.461e-02, 5.688e-02, 1.885e-02,\n",
       "        1.756e-02, 5.115e-03, 2.254e+01, 1.667e+01, 1.522e+02, 1.575e+03,\n",
       "        1.374e-01, 2.050e-01, 4.000e-01, 1.625e-01, 2.364e-01, 7.678e-02],\n",
       "       [1.245e+01, 1.570e+01, 8.257e+01, 4.771e+02, 1.278e-01, 1.700e-01,\n",
       "        1.578e-01, 8.089e-02, 2.087e-01, 7.613e-02, 3.345e-01, 8.902e-01,\n",
       "        2.217e+00, 2.719e+01, 7.510e-03, 3.345e-02, 3.672e-02, 1.137e-02,\n",
       "        2.165e-02, 5.082e-03, 1.547e+01, 2.375e+01, 1.034e+02, 7.416e+02,\n",
       "        1.791e-01, 5.249e-01, 5.355e-01, 1.741e-01, 3.985e-01, 1.244e-01],\n",
       "       [1.825e+01, 1.998e+01, 1.196e+02, 1.040e+03, 9.463e-02, 1.090e-01,\n",
       "        1.127e-01, 7.400e-02, 1.794e-01, 5.742e-02, 4.467e-01, 7.732e-01,\n",
       "        3.180e+00, 5.391e+01, 4.314e-03, 1.382e-02, 2.254e-02, 1.039e-02,\n",
       "        1.369e-02, 2.179e-03, 2.288e+01, 2.766e+01, 1.532e+02, 1.606e+03,\n",
       "        1.442e-01, 2.576e-01, 3.784e-01, 1.932e-01, 3.063e-01, 8.368e-02],\n",
       "       [1.371e+01, 2.083e+01, 9.020e+01, 5.779e+02, 1.189e-01, 1.645e-01,\n",
       "        9.366e-02, 5.985e-02, 2.196e-01, 7.451e-02, 5.835e-01, 1.377e+00,\n",
       "        3.856e+00, 5.096e+01, 8.805e-03, 3.029e-02, 2.488e-02, 1.448e-02,\n",
       "        1.486e-02, 5.412e-03, 1.706e+01, 2.814e+01, 1.106e+02, 8.970e+02,\n",
       "        1.654e-01, 3.682e-01, 2.678e-01, 1.556e-01, 3.196e-01, 1.151e-01],\n",
       "       [1.300e+01, 2.182e+01, 8.750e+01, 5.198e+02, 1.273e-01, 1.932e-01,\n",
       "        1.859e-01, 9.353e-02, 2.350e-01, 7.389e-02, 3.063e-01, 1.002e+00,\n",
       "        2.406e+00, 2.432e+01, 5.731e-03, 3.502e-02, 3.553e-02, 1.226e-02,\n",
       "        2.143e-02, 3.749e-03, 1.549e+01, 3.073e+01, 1.062e+02, 7.393e+02,\n",
       "        1.703e-01, 5.401e-01, 5.390e-01, 2.060e-01, 4.378e-01, 1.072e-01],\n",
       "       [1.246e+01, 2.404e+01, 8.397e+01, 4.759e+02, 1.186e-01, 2.396e-01,\n",
       "        2.273e-01, 8.543e-02, 2.030e-01, 8.243e-02, 2.976e-01, 1.599e+00,\n",
       "        2.039e+00, 2.394e+01, 7.149e-03, 7.217e-02, 7.743e-02, 1.432e-02,\n",
       "        1.789e-02, 1.008e-02, 1.509e+01, 4.068e+01, 9.765e+01, 7.114e+02,\n",
       "        1.853e-01, 1.058e+00, 1.105e+00, 2.210e-01, 4.366e-01, 2.075e-01]])"
      ]
     },
     "execution_count": 2,
     "metadata": {},
     "output_type": "execute_result"
    }
   ],
   "source": [
    "ds = datasets.load_breast_cancer()\n",
    "X = ds.data\n",
    "\n",
    "\n",
    "X[:10]"
   ]
  },
  {
   "cell_type": "code",
   "execution_count": 3,
   "metadata": {},
   "outputs": [
    {
     "data": {
      "text/plain": [
       "array([[0.00000000e+00, 6.76218109e-01, 2.14471851e-03, 1.26428299e-02,\n",
       "        8.29418813e-01, 4.93876422e-01, 3.23236450e-01, 1.77471478e-01,\n",
       "        8.52258758e-01, 6.88369174e-01, 3.20909612e-01, 9.02682557e-01,\n",
       "        3.25828384e-01, 2.64136337e-01, 7.77399875e-01, 7.94000020e-01,\n",
       "        8.05796377e-01, 6.23831044e-01, 8.95679119e-01, 9.57358731e-01,\n",
       "        3.04610274e-02, 7.02992356e-01, 3.48634860e-02, 5.89175404e-02,\n",
       "        8.80383860e-01, 5.86537177e-01, 4.73088538e-01, 2.55785802e-01,\n",
       "        8.36046665e-01, 9.92934114e-01],\n",
       "       [6.76218109e-01, 2.22044605e-16, 6.70466941e-01, 6.78914304e-01,\n",
       "        9.76611484e-01, 7.63297778e-01, 6.97582172e-01, 7.06535949e-01,\n",
       "        9.28599020e-01, 9.23562817e-01, 7.24131324e-01, 6.13642377e-01,\n",
       "        7.18326885e-01, 7.40155013e-01, 9.93386223e-01, 8.08025389e-01,\n",
       "        8.56706923e-01, 8.36148975e-01, 9.90872832e-01, 9.45542480e-01,\n",
       "        6.47427053e-01, 8.79554112e-02, 6.41960425e-01, 6.56454053e-01,\n",
       "        9.22496641e-01, 7.22170408e-01, 6.98974776e-01, 7.04684157e-01,\n",
       "        8.94992090e-01, 8.80794649e-01],\n",
       "       [2.14471851e-03, 6.70466941e-01, 0.00000000e+00, 1.34931960e-02,\n",
       "        7.92721836e-01, 4.43063789e-01, 2.83864350e-01, 1.49022959e-01,\n",
       "        8.16972788e-01, 7.38523092e-01, 3.08234986e-01, 9.13238922e-01,\n",
       "        3.06865110e-01, 2.55017306e-01, 7.97305974e-01, 7.49256319e-01,\n",
       "        7.71917655e-01, 5.92783084e-01, 9.18370673e-01, 9.94476609e-01,\n",
       "        3.05236365e-02, 6.96961628e-01, 2.96131130e-02, 5.84501920e-02,\n",
       "        8.49450596e-01, 5.44225772e-01, 4.36120737e-01, 2.28759211e-01,\n",
       "        8.10884960e-01, 9.48981470e-01],\n",
       "       [1.26428299e-02, 6.78914304e-01, 1.34931960e-02, 0.00000000e+00,\n",
       "        8.22971623e-01, 5.01498318e-01, 3.14017171e-01, 1.76731131e-01,\n",
       "        8.48706921e-01, 7.16890188e-01, 2.67437773e-01, 9.33719786e-01,\n",
       "        2.73371672e-01, 1.99914079e-01, 8.33223333e-01, 7.87417449e-01,\n",
       "        7.92339940e-01, 6.27679718e-01, 9.27503412e-01, 9.80113037e-01,\n",
       "        3.72539140e-02, 7.12511373e-01, 4.08804256e-02, 4.07866744e-02,\n",
       "        8.76477061e-01, 6.09589691e-01, 4.87394080e-01, 2.77983374e-01,\n",
       "        8.56430086e-01, 9.96262403e-01],\n",
       "       [8.29418813e-01, 9.76611484e-01, 7.92721836e-01, 8.22971623e-01,\n",
       "        1.11022302e-16, 3.40876785e-01, 4.78016232e-01, 4.46304827e-01,\n",
       "        4.42225212e-01, 4.15207998e-01, 6.98532902e-01, 9.31593552e-01,\n",
       "        7.03908067e-01, 7.53447568e-01, 6.67624557e-01, 6.81056703e-01,\n",
       "        7.51604320e-01, 6.19324309e-01, 7.99225624e-01, 7.16393301e-01,\n",
       "        7.86879858e-01, 9.63928201e-01, 7.61147374e-01, 7.93281637e-01,\n",
       "        1.94675805e-01, 5.27531556e-01, 5.65074285e-01, 4.96946647e-01,\n",
       "        6.05690518e-01, 5.00683631e-01],\n",
       "       [4.93876422e-01, 7.63297778e-01, 4.43063789e-01, 5.01498318e-01,\n",
       "        3.40876785e-01, 0.00000000e+00, 1.16879330e-01, 1.68864957e-01,\n",
       "        3.97358952e-01, 4.34631337e-01, 5.02526554e-01, 9.53795169e-01,\n",
       "        4.51094735e-01, 5.44347148e-01, 8.64700732e-01, 2.61278210e-01,\n",
       "        4.29483129e-01, 3.57738149e-01, 7.70023409e-01, 4.92681873e-01,\n",
       "        4.64684602e-01, 7.51867167e-01, 4.09789572e-01, 4.90396194e-01,\n",
       "        4.34458834e-01, 1.34190960e-01, 1.83724750e-01, 1.84426776e-01,\n",
       "        4.89776570e-01, 3.12617677e-01],\n",
       "       [3.23236450e-01, 6.97582172e-01, 2.83864350e-01, 3.14017171e-01,\n",
       "        4.78016232e-01, 1.16879330e-01, 2.22044605e-16, 7.86089736e-02,\n",
       "        4.99333383e-01, 6.63216641e-01, 3.68075178e-01, 9.23781652e-01,\n",
       "        3.39609213e-01, 3.82573194e-01, 9.01436254e-01, 3.29721175e-01,\n",
       "        3.08729792e-01, 3.16740083e-01, 8.21990792e-01, 5.50699251e-01,\n",
       "        3.11763592e-01, 7.00121111e-01, 2.70435083e-01, 3.24012769e-01,\n",
       "        5.51177962e-01, 2.45031984e-01, 1.15897361e-01, 1.38676966e-01,\n",
       "        5.90535873e-01, 4.85070109e-01],\n",
       "       [1.77471478e-01, 7.06535949e-01, 1.49022959e-01, 1.76731131e-01,\n",
       "        4.46304827e-01, 1.68864957e-01, 7.86089736e-02, 0.00000000e+00,\n",
       "        5.37502612e-01, 8.33082617e-01, 3.01950166e-01, 9.78520418e-01,\n",
       "        2.89350128e-01, 3.09701460e-01, 9.72346692e-01, 5.09575750e-01,\n",
       "        5.60832932e-01, 3.84365869e-01, 9.04649213e-01, 7.42416254e-01,\n",
       "        1.69682369e-01, 7.07248287e-01, 1.44076872e-01, 1.90370380e-01,\n",
       "        5.47246946e-01, 3.32546323e-01, 2.47600502e-01, 8.98446857e-02,\n",
       "        6.24255855e-01, 6.31338866e-01],\n",
       "       [8.52258758e-01, 9.28599020e-01, 8.16972788e-01, 8.48706921e-01,\n",
       "        4.42225212e-01, 3.97358952e-01, 4.99333383e-01, 5.37502612e-01,\n",
       "        1.11022302e-16, 5.20078670e-01, 6.96620737e-01, 8.71947074e-01,\n",
       "        6.86107239e-01, 7.76029781e-01, 8.12678835e-01, 5.78340853e-01,\n",
       "        6.57372977e-01, 6.06702128e-01, 5.50863458e-01, 6.68213854e-01,\n",
       "        8.14272247e-01, 9.09349312e-01, 7.80831441e-01, 8.22806623e-01,\n",
       "        5.73324974e-01, 5.26799987e-01, 5.66278992e-01, 5.69703389e-01,\n",
       "        3.00174202e-01, 5.61586502e-01],\n",
       "       [6.88369174e-01, 9.23562817e-01, 7.38523092e-01, 7.16890188e-01,\n",
       "        4.15207998e-01, 4.34631337e-01, 6.63216641e-01, 8.33082617e-01,\n",
       "        5.20078670e-01, 0.00000000e+00, 9.99889005e-01, 8.35826034e-01,\n",
       "        9.60170068e-01, 9.09829752e-01, 5.98035575e-01, 4.40163309e-01,\n",
       "        5.53369678e-01, 6.58801956e-01, 6.54992603e-01, 3.11868423e-01,\n",
       "        7.46308505e-01, 9.48730798e-01, 7.94848789e-01, 7.68145549e-01,\n",
       "        4.95057925e-01, 5.41201843e-01, 6.53766124e-01, 8.24674551e-01,\n",
       "        6.65981316e-01, 2.32703221e-01],\n",
       "       [3.20909612e-01, 7.24131324e-01, 3.08234986e-01, 2.67437773e-01,\n",
       "        6.98532902e-01, 5.02526554e-01, 3.68075178e-01, 3.01950166e-01,\n",
       "        6.96620737e-01, 9.99889005e-01, 0.00000000e+00, 7.86752663e-01,\n",
       "        2.72063230e-02, 4.81698879e-02, 8.35485780e-01, 6.43935424e-01,\n",
       "        6.67642462e-01, 4.86653559e-01, 7.59432638e-01, 7.72246467e-01,\n",
       "        2.84934805e-01, 8.05201443e-01, 2.80316196e-01, 2.48451524e-01,\n",
       "        8.58081447e-01, 7.12896834e-01, 6.19415365e-01, 4.68937672e-01,\n",
       "        9.05457170e-01, 9.50440568e-01],\n",
       "       [9.02682557e-01, 6.13642377e-01, 9.13238922e-01, 9.33719786e-01,\n",
       "        9.31593552e-01, 9.53795169e-01, 9.23781652e-01, 9.78520418e-01,\n",
       "        8.71947074e-01, 8.35826034e-01, 7.86752663e-01, 0.00000000e+00,\n",
       "        7.76829271e-01, 8.88432753e-01, 6.02757147e-01, 7.68300301e-01,\n",
       "        8.05001536e-01, 7.69716600e-01, 5.88379320e-01, 7.20277252e-01,\n",
       "        8.88309687e-01, 5.90997234e-01, 8.97758078e-01, 9.16805011e-01,\n",
       "        9.26342341e-01, 9.07560646e-01, 9.31043779e-01, 8.80362477e-01,\n",
       "        8.71785242e-01, 9.54345431e-01],\n",
       "       [3.25828384e-01, 7.18326885e-01, 3.06865110e-01, 2.73371672e-01,\n",
       "        7.03908067e-01, 4.51094735e-01, 3.39609213e-01, 2.89350128e-01,\n",
       "        6.86107239e-01, 9.60170068e-01, 2.72063230e-02, 7.76829271e-01,\n",
       "        0.00000000e+00, 6.23445930e-02, 8.48924669e-01, 5.83677632e-01,\n",
       "        6.37518418e-01, 4.43735916e-01, 7.33512908e-01, 7.55857227e-01,\n",
       "        3.02799407e-01, 7.99629146e-01, 2.78968690e-01, 2.69287027e-01,\n",
       "        8.69945608e-01, 6.58080555e-01, 5.81101184e-01, 4.45102769e-01,\n",
       "        8.90069566e-01, 9.14567428e-01],\n",
       "       [2.64136337e-01, 7.40155013e-01, 2.55017306e-01, 1.99914079e-01,\n",
       "        7.53447568e-01, 5.44347148e-01, 3.82573194e-01, 3.09701460e-01,\n",
       "        7.76029781e-01, 9.09829752e-01, 4.81698879e-02, 8.88432753e-01,\n",
       "        6.23445930e-02, 0.00000000e+00, 9.24849662e-01, 7.15159943e-01,\n",
       "        7.29105274e-01, 5.84270432e-01, 8.65891020e-01, 8.72929097e-01,\n",
       "        2.42626811e-01, 8.03503351e-01, 2.38787364e-01, 1.88592039e-01,\n",
       "        8.74610569e-01, 7.16743462e-01, 6.14899864e-01, 4.61833686e-01,\n",
       "        9.25873708e-01, 9.82460705e-01],\n",
       "       [7.77399875e-01, 9.93386223e-01, 7.97305974e-01, 8.33223333e-01,\n",
       "        6.67624557e-01, 8.64700732e-01, 9.01436254e-01, 9.72346692e-01,\n",
       "        8.12678835e-01, 5.98035575e-01, 8.35485780e-01, 6.02757147e-01,\n",
       "        8.48924669e-01, 9.24849662e-01, 0.00000000e+00, 6.63303919e-01,\n",
       "        7.31315240e-01, 6.71570501e-01, 5.86493875e-01, 5.72625793e-01,\n",
       "        7.69309290e-01, 9.25257035e-01, 7.82696245e-01, 8.17804522e-01,\n",
       "        6.85542544e-01, 9.44441861e-01, 9.41701613e-01, 8.97993204e-01,\n",
       "        8.92657902e-01, 8.98519685e-01],\n",
       "       [7.94000020e-01, 8.08025389e-01, 7.49256319e-01, 7.87417449e-01,\n",
       "        6.81056703e-01, 2.61278210e-01, 3.29721175e-01, 5.09575750e-01,\n",
       "        5.78340853e-01, 4.40163309e-01, 6.43935424e-01, 7.68300301e-01,\n",
       "        5.83677632e-01, 7.15159943e-01, 6.63303919e-01, 0.00000000e+00,\n",
       "        1.98731657e-01, 2.55917332e-01, 6.05287165e-01, 1.96731182e-01,\n",
       "        7.95392834e-01, 8.56997417e-01, 7.39484160e-01, 8.00628671e-01,\n",
       "        7.72605768e-01, 3.21219646e-01, 3.60853302e-01, 5.16791673e-01,\n",
       "        7.22121569e-01, 4.09027237e-01],\n",
       "       [8.05796377e-01, 8.56706923e-01, 7.71917655e-01, 7.92339940e-01,\n",
       "        7.51604320e-01, 4.29483129e-01, 3.08729792e-01, 5.60832932e-01,\n",
       "        6.57372977e-01, 5.53369678e-01, 6.67642462e-01, 8.05001536e-01,\n",
       "        6.37518418e-01, 7.29105274e-01, 7.31315240e-01, 1.98731657e-01,\n",
       "        0.00000000e+00, 2.28196005e-01, 6.90571422e-01, 2.72627816e-01,\n",
       "        8.13096484e-01, 8.99759016e-01, 7.73319574e-01, 8.11647348e-01,\n",
       "        8.31518679e-01, 5.15142199e-01, 3.37435866e-01, 5.59527737e-01,\n",
       "        8.02212178e-01, 5.60670731e-01],\n",
       "       [6.23831044e-01, 8.36148975e-01, 5.92783084e-01, 6.27679718e-01,\n",
       "        6.19324309e-01, 3.57738149e-01, 3.16740083e-01, 3.84365869e-01,\n",
       "        6.06702128e-01, 6.58801956e-01, 4.86653559e-01, 7.69716600e-01,\n",
       "        4.43735916e-01, 5.84270432e-01, 6.71570501e-01, 2.55917332e-01,\n",
       "        2.28196005e-01, 0.00000000e+00, 6.87219777e-01, 3.88955861e-01,\n",
       "        6.41873331e-01, 9.13258790e-01, 6.05000748e-01, 6.57728838e-01,\n",
       "        7.84649403e-01, 5.47111623e-01, 4.50407625e-01, 3.97550394e-01,\n",
       "        8.56884331e-01, 6.89345449e-01],\n",
       "       [8.95679119e-01, 9.90872832e-01, 9.18370673e-01, 9.27503412e-01,\n",
       "        7.99225624e-01, 7.70023409e-01, 8.21990792e-01, 9.04649213e-01,\n",
       "        5.50863458e-01, 6.54992603e-01, 7.59432638e-01, 5.88379320e-01,\n",
       "        7.33512908e-01, 8.65891020e-01, 5.86493875e-01, 6.05287165e-01,\n",
       "        6.90571422e-01, 6.87219777e-01, 0.00000000e+00, 6.30921917e-01,\n",
       "        8.71879231e-01, 9.22526580e-01, 8.96246956e-01, 8.89657257e-01,\n",
       "        9.87338200e-01, 9.39745121e-01, 9.62880951e-01, 9.69586604e-01,\n",
       "        6.10597515e-01, 9.21920524e-01],\n",
       "       [9.57358731e-01, 9.45542480e-01, 9.94476609e-01, 9.80113037e-01,\n",
       "        7.16393301e-01, 4.92681873e-01, 5.50699251e-01, 7.42416254e-01,\n",
       "        6.68213854e-01, 3.11868423e-01, 7.72246467e-01, 7.20277252e-01,\n",
       "        7.55857227e-01, 8.72929097e-01, 5.72625793e-01, 1.96731182e-01,\n",
       "        2.72627816e-01, 3.88955861e-01, 6.30921917e-01, 0.00000000e+00,\n",
       "        9.62512382e-01, 9.96804971e-01, 9.98999602e-01, 9.77263853e-01,\n",
       "        8.29431684e-01, 6.09841158e-01, 6.20025339e-01, 7.84795987e-01,\n",
       "        8.88906044e-01, 4.08671934e-01],\n",
       "       [3.04610274e-02, 6.47427053e-01, 3.05236365e-02, 3.72539140e-02,\n",
       "        7.86879858e-01, 4.64684602e-01, 3.11763592e-01, 1.69682369e-01,\n",
       "        8.14272247e-01, 7.46308505e-01, 2.84934805e-01, 8.88309687e-01,\n",
       "        3.02799407e-01, 2.42626811e-01, 7.69309290e-01, 7.95392834e-01,\n",
       "        8.13096484e-01, 6.41873331e-01, 8.71879231e-01, 9.62512382e-01,\n",
       "        0.00000000e+00, 6.40079246e-01, 6.29208390e-03, 1.59854355e-02,\n",
       "        7.83425569e-01, 5.24179963e-01, 4.26025292e-01, 2.12576148e-01,\n",
       "        7.56470796e-01, 9.06508021e-01],\n",
       "       [7.02992356e-01, 8.79554112e-02, 6.96961628e-01, 7.12511373e-01,\n",
       "        9.63928201e-01, 7.51867167e-01, 7.00121111e-01, 7.07248287e-01,\n",
       "        9.09349312e-01, 9.48730798e-01, 8.05201443e-01, 5.90997234e-01,\n",
       "        7.99629146e-01, 8.03503351e-01, 9.25257035e-01, 8.56997417e-01,\n",
       "        8.99759016e-01, 9.13258790e-01, 9.22526580e-01, 9.96804971e-01,\n",
       "        6.40079246e-01, 0.00000000e+00, 6.34901755e-01, 6.54157717e-01,\n",
       "        7.74570585e-01, 6.39167661e-01, 6.31634393e-01, 6.40245390e-01,\n",
       "        7.66972539e-01, 7.80877575e-01],\n",
       "       [3.48634860e-02, 6.41960425e-01, 2.96131130e-02, 4.08804256e-02,\n",
       "        7.61147374e-01, 4.09789572e-01, 2.70435083e-01, 1.44076872e-01,\n",
       "        7.80831441e-01, 7.94848789e-01, 2.80316196e-01, 8.97758078e-01,\n",
       "        2.78968690e-01, 2.38787364e-01, 7.82696245e-01, 7.39484160e-01,\n",
       "        7.73319574e-01, 6.05000748e-01, 8.96246956e-01, 9.98999602e-01,\n",
       "        6.29208390e-03, 6.34901755e-01, 2.22044605e-16, 2.24219086e-02,\n",
       "        7.63225396e-01, 4.70592310e-01, 3.81655920e-01, 1.83677898e-01,\n",
       "        7.30507231e-01, 8.61043138e-01],\n",
       "       [5.89175404e-02, 6.56454053e-01, 5.84501920e-02, 4.07866744e-02,\n",
       "        7.93281637e-01, 4.90396194e-01, 3.24012769e-01, 1.90370380e-01,\n",
       "        8.22806623e-01, 7.68145549e-01, 2.48451524e-01, 9.16805011e-01,\n",
       "        2.69287027e-01, 1.88592039e-01, 8.17804522e-01, 8.00628671e-01,\n",
       "        8.11647348e-01, 6.57728838e-01, 8.89657257e-01, 9.77263853e-01,\n",
       "        1.59854355e-02, 6.54157717e-01, 2.24219086e-02, 0.00000000e+00,\n",
       "        7.90854666e-01, 5.61703716e-01, 4.56669475e-01, 2.52581198e-01,\n",
       "        7.90854492e-01, 9.20352966e-01],\n",
       "       [8.80383860e-01, 9.22496641e-01, 8.49450596e-01, 8.76477061e-01,\n",
       "        1.94675805e-01, 4.34458834e-01, 5.51177962e-01, 5.47246946e-01,\n",
       "        5.73324974e-01, 4.95057925e-01, 8.58081447e-01, 9.26342341e-01,\n",
       "        8.69945608e-01, 8.74610569e-01, 6.85542544e-01, 7.72605768e-01,\n",
       "        8.31518679e-01, 7.84649403e-01, 9.87338200e-01, 8.29431684e-01,\n",
       "        7.83425569e-01, 7.74570585e-01, 7.63225396e-01, 7.90854666e-01,\n",
       "        0.00000000e+00, 4.31813483e-01, 4.81476707e-01, 4.52309097e-01,\n",
       "        5.06161670e-01, 3.82375808e-01],\n",
       "       [5.86537177e-01, 7.22170408e-01, 5.44225772e-01, 6.09589691e-01,\n",
       "        5.27531556e-01, 1.34190960e-01, 2.45031984e-01, 3.32546323e-01,\n",
       "        5.26799987e-01, 5.41201843e-01, 7.12896834e-01, 9.07560646e-01,\n",
       "        6.58080555e-01, 7.16743462e-01, 9.44441861e-01, 3.21219646e-01,\n",
       "        5.15142199e-01, 5.47111623e-01, 9.39745121e-01, 6.09841158e-01,\n",
       "        5.24179963e-01, 6.39167661e-01, 4.70592310e-01, 5.61703716e-01,\n",
       "        4.31813483e-01, 2.22044605e-16, 1.07739101e-01, 1.98919635e-01,\n",
       "        3.85559499e-01, 1.89545144e-01],\n",
       "       [4.73088538e-01, 6.98974776e-01, 4.36120737e-01, 4.87394080e-01,\n",
       "        5.65074285e-01, 1.83724750e-01, 1.15897361e-01, 2.47600502e-01,\n",
       "        5.66278992e-01, 6.53766124e-01, 6.19415365e-01, 9.31043779e-01,\n",
       "        5.81101184e-01, 6.14899864e-01, 9.41701613e-01, 3.60853302e-01,\n",
       "        3.37435866e-01, 4.50407625e-01, 9.62880951e-01, 6.20025339e-01,\n",
       "        4.26025292e-01, 6.31634393e-01, 3.81655920e-01, 4.56669475e-01,\n",
       "        4.81476707e-01, 1.07739101e-01, 1.11022302e-16, 1.44566140e-01,\n",
       "        4.67480271e-01, 3.13489079e-01],\n",
       "       [2.55785802e-01, 7.04684157e-01, 2.28759211e-01, 2.77983374e-01,\n",
       "        4.96946647e-01, 1.84426776e-01, 1.38676966e-01, 8.98446857e-02,\n",
       "        5.69703389e-01, 8.24674551e-01, 4.68937672e-01, 8.80362477e-01,\n",
       "        4.45102769e-01, 4.61833686e-01, 8.97993204e-01, 5.16791673e-01,\n",
       "        5.59527737e-01, 3.97550394e-01, 9.69586604e-01, 7.84795987e-01,\n",
       "        2.12576148e-01, 6.40245390e-01, 1.83677898e-01, 2.52581198e-01,\n",
       "        4.52309097e-01, 1.98919635e-01, 1.44566140e-01, 0.00000000e+00,\n",
       "        4.97471506e-01, 4.88885854e-01],\n",
       "       [8.36046665e-01, 8.94992090e-01, 8.10884960e-01, 8.56430086e-01,\n",
       "        6.05690518e-01, 4.89776570e-01, 5.90535873e-01, 6.24255855e-01,\n",
       "        3.00174202e-01, 6.65981316e-01, 9.05457170e-01, 8.71785242e-01,\n",
       "        8.90069566e-01, 9.25873708e-01, 8.92657902e-01, 7.22121569e-01,\n",
       "        8.02212178e-01, 8.56884331e-01, 6.10597515e-01, 8.88906044e-01,\n",
       "        7.56470796e-01, 7.66972539e-01, 7.30507231e-01, 7.90854492e-01,\n",
       "        5.06161670e-01, 3.85559499e-01, 4.67480271e-01, 4.97471506e-01,\n",
       "        0.00000000e+00, 4.62151794e-01],\n",
       "       [9.92934114e-01, 8.80794649e-01, 9.48981470e-01, 9.96262403e-01,\n",
       "        5.00683631e-01, 3.12617677e-01, 4.85070109e-01, 6.31338866e-01,\n",
       "        5.61586502e-01, 2.32703221e-01, 9.50440568e-01, 9.54345431e-01,\n",
       "        9.14567428e-01, 9.82460705e-01, 8.98519685e-01, 4.09027237e-01,\n",
       "        5.60670731e-01, 6.89345449e-01, 9.21920524e-01, 4.08671934e-01,\n",
       "        9.06508021e-01, 7.80877575e-01, 8.61043138e-01, 9.20352966e-01,\n",
       "        3.82375808e-01, 1.89545144e-01, 3.13489079e-01, 4.88885854e-01,\n",
       "        4.62151794e-01, 0.00000000e+00]])"
      ]
     },
     "execution_count": 3,
     "metadata": {},
     "output_type": "execute_result"
    }
   ],
   "source": [
    "# Calculate a similarity matrix \n",
    "sim_matrix = 1 - np.abs(np.corrcoef(X.T))\n",
    "sim_matrix"
   ]
  },
  {
   "cell_type": "markdown",
   "metadata": {},
   "source": [
    "# Train"
   ]
  },
  {
   "cell_type": "code",
   "execution_count": 56,
   "metadata": {},
   "outputs": [],
   "source": [
    "# Function to construct the precision matrix\n",
    "def construct_precision_matrix(params, p):\n",
    "  lambda_ = 0.0009\n",
    "\n",
    "  precision_matrix = jnp.zeros((p, p))\n",
    "  for i in range(p):\n",
    "    for j in range(i, p):\n",
    "      if i != j:\n",
    "        precision_matrix = precision_matrix.at[i, j].set(params[i * p + j])\n",
    "      \n",
    "  precision_matrix += precision_matrix.T\n",
    "  precision_matrix += jnp.diag(jnp.diag(precision_matrix)) # Using jnp.diag \n",
    "\n",
    "  # Soft-thresholding for L1 regularization\n",
    "  precision_matrix = jnp.sign(precision_matrix) * jnp.maximum(jnp.abs(precision_matrix) - lambda_, 0)\n",
    "  return precision_matrix\n",
    "\n",
    "# Define the squared loss function\n",
    "@jax.jit\n",
    "def squared_loss(params, X):\n",
    "  n, p = X.shape\n",
    "  predicted_precision = construct_precision_matrix(params, p)\n",
    "  empirical_cov = (1 / n) * jnp.dot(X.T, X)\n",
    "  return 0.5 * jnp.trace(jnp.dot(predicted_precision, empirical_cov)) + jnp.sum(jnp.abs(params))\n"
   ]
  },
  {
   "cell_type": "code",
   "execution_count": 57,
   "metadata": {},
   "outputs": [
    {
     "data": {
      "text/plain": [
       "Array([2.12556481e-01, 7.66499519e-01, 4.12260294e-01, 4.31970954e-01,\n",
       "       3.24066758e-01, 9.63050008e-01, 2.31991529e-01, 3.94723177e-01,\n",
       "       6.33898616e-01, 4.79666710e-01, 5.30824065e-01, 1.53066039e-01,\n",
       "       7.74438381e-02, 5.52717209e-01, 7.90827036e-01, 6.11196399e-01,\n",
       "       6.03530169e-01, 3.75550866e-01, 4.48663712e-01, 7.17019558e-01,\n",
       "       1.52476907e-01, 7.00184345e-01, 6.61565185e-01, 9.83652949e-01,\n",
       "       8.51175308e-01, 9.84339356e-01, 3.63736629e-01, 6.50739431e-01,\n",
       "       6.08858824e-01, 3.11689854e-01, 4.43648577e-01, 5.77308178e-01,\n",
       "       5.39145231e-01, 3.86482239e-01, 5.57479501e-01, 9.61340189e-01,\n",
       "       2.62226939e-01, 2.75075674e-01, 7.75834084e-01, 1.50727034e-02,\n",
       "       2.17614770e-01, 8.02369475e-01, 9.66788650e-01, 7.44150519e-01,\n",
       "       1.29528284e-01, 2.49968767e-01, 9.66143250e-01, 6.11979365e-01,\n",
       "       6.17968082e-01, 9.91850019e-01, 6.20056033e-01, 2.21203566e-02,\n",
       "       9.17508602e-01, 9.94626164e-01, 6.22537732e-01, 8.95908713e-01,\n",
       "       8.74125600e-01, 9.44671035e-01, 7.81600714e-01, 5.64858913e-01,\n",
       "       8.48767757e-02, 2.14805365e-01, 5.67060113e-01, 9.13616300e-01,\n",
       "       5.51367044e-01, 6.73032761e-01, 6.48080349e-01, 8.87848020e-01,\n",
       "       1.18677139e-01, 3.99260283e-01, 4.46426868e-03, 9.46151614e-01,\n",
       "       2.17901826e-01, 4.14198279e-01, 2.63682723e-01, 9.29080129e-01,\n",
       "       2.34351754e-01, 3.89091730e-01, 7.31669664e-02, 8.33946109e-01,\n",
       "       7.18882918e-01, 7.61582613e-01, 1.59992218e-01, 7.29620934e-01,\n",
       "       6.04966998e-01, 8.89129996e-01, 9.55941677e-02, 9.96825695e-02,\n",
       "       3.45158219e-01, 6.93398952e-01, 8.68331194e-01, 5.77040195e-01,\n",
       "       3.17033529e-01, 5.08984327e-01, 3.26702595e-02, 5.81788301e-01,\n",
       "       4.54085588e-01, 3.98159027e-05, 1.76889896e-02, 5.88045120e-01,\n",
       "       9.57981110e-01, 5.93070269e-01, 8.45602870e-01, 1.90396667e-01,\n",
       "       1.47503376e-01, 4.58039641e-01, 6.91615820e-01, 3.34747314e-01,\n",
       "       1.66782856e-01, 2.00228095e-01, 4.88141179e-01, 5.71124554e-01,\n",
       "       6.49074078e-01, 4.55815196e-01, 4.91583228e-01, 7.25749254e-01,\n",
       "       4.90312815e-01, 6.24823570e-01, 1.72725558e-01, 1.48259521e-01,\n",
       "       1.50267124e-01, 4.91255999e-01, 1.20597482e-01, 5.87874413e-01,\n",
       "       9.19455647e-01, 7.43549109e-01, 3.25971961e-01, 6.37760043e-01,\n",
       "       4.63349462e-01, 9.06872749e-02, 2.28755713e-01, 7.26963282e-02,\n",
       "       7.14461803e-02, 4.31218386e-01, 9.90526199e-01, 7.33519673e-01,\n",
       "       6.83220625e-01, 1.16948605e-01, 5.50882816e-02, 2.76087523e-01,\n",
       "       5.74784040e-01, 1.15649581e-01, 1.62043691e-01, 6.09654427e-01,\n",
       "       4.86111403e-01, 6.72154069e-01, 7.05362797e-01, 1.96792364e-01,\n",
       "       1.88692808e-01, 7.21846342e-01, 9.55875874e-01, 8.49241972e-01,\n",
       "       6.09425902e-01, 5.16754270e-01, 1.02415919e-01, 9.63349819e-01,\n",
       "       4.33187485e-01, 3.87901545e-01, 1.24126554e-01, 9.64369178e-01,\n",
       "       4.38701749e-01, 9.36247230e-01, 7.63984084e-01, 5.92631340e-01,\n",
       "       4.71351147e-02, 8.81141782e-01, 2.99977064e-01, 3.40133667e-01,\n",
       "       1.57449365e-01, 9.00991082e-01, 2.23487020e-01, 5.42656660e-01,\n",
       "       7.90670156e-01, 4.20710921e-01, 5.50226450e-01, 5.31803131e-01,\n",
       "       1.66391730e-01, 8.20437312e-01, 4.87149596e-01, 1.01131558e-01,\n",
       "       1.38588071e-01, 9.66196060e-01, 2.32239366e-01, 1.25728369e-01,\n",
       "       9.82024550e-01, 3.26052785e-01, 1.07752085e-02, 2.35988975e-01,\n",
       "       6.71267748e-01, 9.75628376e-01, 6.75801158e-01, 2.28935242e-01,\n",
       "       5.89881301e-01, 7.67868161e-01, 8.27440858e-01, 9.97542143e-01,\n",
       "       1.59948111e-01, 7.78685331e-01, 2.60055542e-01, 9.58387375e-01,\n",
       "       1.73625827e-01, 1.75575852e-01, 1.10793352e-01, 3.96425724e-01,\n",
       "       8.97811532e-01, 1.71184540e-04, 4.91439342e-01, 9.04283166e-01,\n",
       "       9.05872703e-01, 3.27479959e-01, 6.25566244e-01, 8.46816301e-02,\n",
       "       7.14949846e-01, 8.35499167e-01, 8.04063439e-01, 7.03273177e-01,\n",
       "       4.49711561e-01, 4.80381250e-02, 1.82060719e-01, 9.76240516e-01,\n",
       "       1.51031971e-01, 2.79516101e-01, 3.18303823e-01, 2.53161788e-01,\n",
       "       2.63839841e-01, 9.86123919e-01, 3.40142846e-01, 1.37894154e-02,\n",
       "       4.77457047e-03, 5.30765295e-01, 7.84439564e-01, 6.49861574e-01,\n",
       "       8.98721099e-01, 2.32607007e-01, 9.14409757e-01, 6.64676309e-01,\n",
       "       9.85171795e-02, 1.66772604e-02, 2.53138065e-01, 1.66301250e-01,\n",
       "       1.25070810e-01, 9.77015734e-01, 1.23370290e-01, 7.32223630e-01,\n",
       "       3.91369581e-01, 1.65778160e-01, 6.01810813e-01, 9.68697786e-01,\n",
       "       7.39331007e-01, 6.17564321e-01, 2.47507811e-01, 5.33991218e-01,\n",
       "       8.03122878e-01, 5.66507459e-01, 3.34587574e-01, 6.29802346e-01,\n",
       "       3.56634855e-02, 2.81240463e-01, 5.84627986e-01, 4.83099580e-01,\n",
       "       6.78390622e-01, 6.17487073e-01, 1.62014127e-01, 1.97000980e-01,\n",
       "       2.15685010e-01, 7.17829466e-02, 4.87180829e-01, 7.77320504e-01,\n",
       "       9.29717302e-01, 7.52191305e-01, 1.95349455e-01, 7.90972352e-01,\n",
       "       8.86796713e-02, 5.25819421e-01, 6.80879354e-01, 2.86340952e-01,\n",
       "       3.71937037e-01, 8.88253331e-01, 4.15621638e-01, 8.69874954e-02,\n",
       "       3.64908934e-01, 3.09561491e-01, 4.19418812e-01, 7.52274871e-01,\n",
       "       1.35362148e-03, 1.49148583e-01, 3.47765446e-01, 7.88152814e-01,\n",
       "       9.82551098e-01, 4.58008051e-02, 8.79723191e-01, 7.21286058e-01,\n",
       "       4.38446045e-01, 9.89609122e-01, 3.71068239e-01, 7.63519764e-01,\n",
       "       6.69118881e-01, 7.47473240e-02, 8.59353304e-01, 1.59176111e-01,\n",
       "       2.35545754e-01, 1.50820136e-01, 5.28623700e-01, 4.03104067e-01,\n",
       "       8.72492552e-01, 8.84064436e-02, 5.43499351e-01, 1.98802948e-01,\n",
       "       5.04305482e-01, 6.50357127e-01, 3.08732748e-01, 4.66268539e-01,\n",
       "       3.62190723e-01, 2.41344571e-01, 8.13416481e-01, 8.49934697e-01,\n",
       "       4.00327444e-02, 9.75772142e-02, 4.24970508e-01, 2.44898796e-01,\n",
       "       4.76005912e-01, 2.55383253e-02, 4.15205598e-01, 1.43150091e-01,\n",
       "       4.59733367e-01, 2.71945000e-01, 3.44760776e-01, 3.33961129e-01,\n",
       "       5.95106125e-01, 3.32164884e-01, 8.45080495e-01, 7.26170421e-01,\n",
       "       1.74381614e-01, 6.25282764e-01, 7.80669332e-01, 2.17714071e-01,\n",
       "       1.55223608e-02, 6.34909391e-01, 8.16109538e-01, 8.37943673e-01,\n",
       "       5.44053912e-01, 6.15552306e-01, 1.25253081e-01, 1.25215292e-01,\n",
       "       4.29543734e-01, 9.35266256e-01, 6.88715816e-01, 3.17273140e-02,\n",
       "       6.03567600e-01, 6.62448406e-01, 6.42361641e-01, 4.51409698e-01,\n",
       "       7.01928139e-03, 3.99370670e-01, 3.48823905e-01, 9.58609343e-01,\n",
       "       6.76348209e-01, 5.18441796e-01, 8.80596161e-01, 1.72314048e-01,\n",
       "       8.19907069e-01, 9.04545307e-01, 2.24326968e-01, 7.24924803e-01,\n",
       "       7.11301804e-01, 9.48528647e-01, 6.71632648e-01, 4.46699500e-01,\n",
       "       8.14337611e-01, 5.65937400e-01, 3.64371538e-02, 7.83419609e-02,\n",
       "       6.72027469e-01, 5.77072382e-01, 8.68783474e-01, 9.63160276e-01,\n",
       "       6.24206066e-01, 4.64215398e-01, 4.63170409e-01, 1.03065848e-01,\n",
       "       3.49262953e-01, 2.53177881e-01, 4.91959691e-01, 8.35628986e-01,\n",
       "       8.84226799e-01, 7.11094379e-01, 3.84355187e-01, 7.62774944e-02,\n",
       "       6.92297935e-01, 7.59428740e-02, 6.19831204e-01, 8.90152693e-01,\n",
       "       2.93027639e-01, 4.28897858e-01, 7.23709583e-01, 4.42684174e-01,\n",
       "       1.39330149e-01, 5.11499643e-02, 1.66659236e-01, 4.87844110e-01,\n",
       "       9.75860357e-01, 7.32735276e-01, 5.92745543e-02, 4.98811007e-02,\n",
       "       2.37119675e-01, 7.91556835e-02, 8.21058512e-01, 8.94245625e-01,\n",
       "       6.51777983e-01, 9.11863089e-01, 6.33042455e-01, 3.50156188e-01,\n",
       "       3.72065544e-01, 3.40852737e-01, 2.54925132e-01, 5.89749575e-01,\n",
       "       5.56724072e-02, 2.90346265e-01, 6.66493416e-01, 8.36129785e-01,\n",
       "       4.02222872e-02, 5.72999716e-02, 1.90883875e-02, 8.55022311e-01,\n",
       "       2.35331297e-01, 4.46010470e-01, 1.78166389e-01, 5.10853291e-01,\n",
       "       2.32668877e-01, 6.94002271e-01, 5.88177443e-01, 7.75481343e-01,\n",
       "       1.50603294e-01, 2.84547329e-01, 8.53544950e-01, 8.48756075e-01,\n",
       "       5.03764629e-01, 5.87042332e-01, 9.29739475e-01, 2.37702489e-01,\n",
       "       3.57445717e-01, 3.20448995e-01, 2.24071741e-02, 4.98258233e-01,\n",
       "       3.88520837e-01, 2.35878706e-01, 8.93010139e-01, 9.80854273e-01,\n",
       "       1.58324242e-01, 3.70075703e-02, 9.27289724e-02, 8.29890609e-01,\n",
       "       9.24576163e-01, 6.47935271e-01, 8.01899076e-01, 6.49487972e-02,\n",
       "       4.53035474e-01, 4.30146337e-01, 6.62179947e-01, 1.46221995e-01,\n",
       "       9.31855798e-01, 3.75406384e-01, 5.95630407e-01, 6.39910817e-01,\n",
       "       8.58886361e-01], dtype=float32)"
      ]
     },
     "metadata": {},
     "output_type": "display_data"
    },
    {
     "name": "stdout",
     "output_type": "stream",
     "text": [
      "Loss at step 0 is 309.3995666503906\n",
      "Loss at step 100 is 2.9103524684906006\n",
      "Loss at step 200 is 0.45053961873054504\n",
      "Loss at step 300 is 0.48802122473716736\n",
      "Loss at step 400 is 0.45663246512413025\n",
      "Loss at step 500 is 0.4206104874610901\n",
      "Loss at step 600 is 0.45402541756629944\n",
      "Loss at step 700 is 0.4454691708087921\n",
      "Loss at step 800 is 0.37229055166244507\n",
      "Loss at step 900 is 0.38478565216064453\n"
     ]
    }
   ],
   "source": [
    "p = X.shape[1]\n",
    "key = jax.random.PRNGKey(758493)  # Random seed is explicit in JAX\n",
    "params = jax.random.uniform(key, (p * (p + 1) // 2, ))\n",
    "display(params)\n",
    "\n",
    "# Optimization setup (using Optax)\n",
    "loss_grad = grad(squared_loss)  \n",
    "optimizer = optax.adam(0.01) \n",
    "opt_state = optimizer.init(params) \n",
    "\n",
    "# Training loop with Optax update\n",
    "for i in range(1000):\n",
    "  updates, opt_state = optimizer.update(loss_grad(params, sim_matrix), opt_state)\n",
    "  params = optax.apply_updates(params, updates)\n",
    "  if i % 100 == 0:\n",
    "    print(f\"Loss at step {i} is {squared_loss(params, sim_matrix)}\")"
   ]
  },
  {
   "cell_type": "code",
   "execution_count": null,
   "metadata": {},
   "outputs": [],
   "source": []
  },
  {
   "cell_type": "code",
   "execution_count": 58,
   "metadata": {},
   "outputs": [
    {
     "data": {
      "text/plain": [
       "Array([[ 0.0000000e+00,  0.0000000e+00, -0.0000000e+00, -0.0000000e+00,\n",
       "        -0.0000000e+00, -0.0000000e+00, -0.0000000e+00, -6.8606576e-05,\n",
       "         0.0000000e+00,  1.6977879e-03,  0.0000000e+00,  0.0000000e+00,\n",
       "         2.2146793e-04, -0.0000000e+00, -0.0000000e+00, -1.5413003e-03,\n",
       "        -0.0000000e+00,  0.0000000e+00,  0.0000000e+00,  0.0000000e+00,\n",
       "         0.0000000e+00,  0.0000000e+00,  0.0000000e+00, -0.0000000e+00,\n",
       "         0.0000000e+00,  0.0000000e+00, -0.0000000e+00,  0.0000000e+00,\n",
       "        -0.0000000e+00, -0.0000000e+00],\n",
       "       [ 0.0000000e+00,  0.0000000e+00, -0.0000000e+00, -1.7036019e-03,\n",
       "         0.0000000e+00, -0.0000000e+00, -0.0000000e+00, -8.6127454e-04,\n",
       "         0.0000000e+00,  0.0000000e+00, -0.0000000e+00,  2.1819829e-04,\n",
       "        -1.6461796e-03, -3.2515922e-03, -0.0000000e+00, -5.0068707e-03,\n",
       "         0.0000000e+00, -2.4984055e-04,  0.0000000e+00,  0.0000000e+00,\n",
       "        -0.0000000e+00,  0.0000000e+00, -0.0000000e+00, -2.0586913e-03,\n",
       "        -0.0000000e+00,  8.1041886e-04,  0.0000000e+00,  0.0000000e+00,\n",
       "         0.0000000e+00, -0.0000000e+00],\n",
       "       [-0.0000000e+00, -0.0000000e+00,  0.0000000e+00, -0.0000000e+00,\n",
       "         0.0000000e+00,  0.0000000e+00, -0.0000000e+00,  0.0000000e+00,\n",
       "        -0.0000000e+00, -9.1122300e-04,  0.0000000e+00, -0.0000000e+00,\n",
       "        -0.0000000e+00, -0.0000000e+00, -0.0000000e+00,  0.0000000e+00,\n",
       "         0.0000000e+00,  0.0000000e+00, -0.0000000e+00,  0.0000000e+00,\n",
       "         0.0000000e+00, -0.0000000e+00, -4.7446396e-03, -0.0000000e+00,\n",
       "        -0.0000000e+00,  0.0000000e+00,  0.0000000e+00,  0.0000000e+00,\n",
       "        -0.0000000e+00,  0.0000000e+00],\n",
       "       [-0.0000000e+00, -1.7036019e-03, -0.0000000e+00,  0.0000000e+00,\n",
       "         4.4123642e-04, -0.0000000e+00,  0.0000000e+00,  0.0000000e+00,\n",
       "         0.0000000e+00, -0.0000000e+00,  0.0000000e+00, -0.0000000e+00,\n",
       "        -0.0000000e+00,  0.0000000e+00,  0.0000000e+00,  0.0000000e+00,\n",
       "         0.0000000e+00,  0.0000000e+00, -2.6432262e-03, -4.2136607e-04,\n",
